2016
January
31
44
0
44
0
39
2
39
1
44
1
51
0
45
0
48
0
48
0
51
0
45
1
48
1
55
1
48
0
48
2
53
1
50
1
54
1
46
1
52
1
51
1
55
1
46
1
50
0
54
0
55
1
57
1
55
1
50
1
46
1
46
0
February
29
45
1
50
1
48
1
48
1
53
1
48
0
50
0
57
0
62
0
55
1
55
1
57
1
51
1
55
0
57
1
55
1
57
1
52
1
51
1
52
1
51
1
51
1
60
0
57
1
61
1
60
1
57
1
52
1
53
1
March
31
55
1
54
1
57
1
57
1
63
1
60
1
52
1
53
1
55
1
55
1
55
1
51
1
53
1
48
1
51
0
53
0
57
0
63
0
61
0
55
1
55
1
57
1
53
1
54
1
57
0
59
1
51
1
55
1
64
0
68
0
73
0
April
30
71
0
63
0
69
1
60
1
57
0
68
0
77
0
75
0
66
0
59
0
57
0
60
1
59
1
59
1
60
0
68
0
77
0
89
0
81
0
81
0
73
1
64
1
64
1
55
1
59
0
60
0
61
0
64
0
61
1
68
0
May
31
77
0
87
0
73
0
60
0
68
0
77
0
82
0
63
1
66
0
75
0
81
0
77
0
82
0
64
0
57
0
60
0
71
0
64
0
63
1
66
0
59
1
66
0
64
0
66
0
66
0
64
0
64
1
64
1
64
0
71
0
79
0
June
30
75
0
71
0
80
0
81
0
91
0
86
0
84
0
66
1
64
1
66
1
64
1
70
0
66
1
60
1
66
0
71
0
66
1
64
1
70
0
75
1
73
1
75
1
68
1
69
1
71
0
78
0
84
0
79
0
73
0
73
0
July
31
75
0
75
0
71
0
68
1
69
0
75
0
68
1
73
1
71
1
73
0
73
0
77
0
75
0
77
0
75
0
72
0
80
0
73
0
78
0
82
0
81
0
71
1
75
0
80
0
84
0
79
0
82
0
84
0
88
0
75
0
73
0
August
31
77
0
73
0
75
0
80
0
79
0
72
0
72
1
73
0
72
0
75
0
80
0
87
0
90
0
82
0
84
0
81
0
79
0
86
0
95
0
91
0
73
0
72
0
79
0
82
0
93
0
88
0
72
0
75
0
81
0
70
0
71
1
September
30
68
1
70
1
66
1
68
0
68
0
68
1
66
1
72
1
73
0
77
0
70
0
73
0
73
0
79
0
71
0
75
1
68
1
69
1
71
1
66
0
68
0
66
0
64
1
66
0
75
0
77
0
69
1
68
0
66
0
66
0
October
31
63
1
64
0
61
1
63
1
66
1
63
1
64
1
68
1
57
1
60
0
62
0
66
1
60
1
60
1
62
1
60
1
60
1
61
1
57
1
62
1
59
1
62
1
62
1
61
1
64
1
57
1
60
1
64
1
68
1
52
1
59
1
November
20
57
1
57
1
64
0
64
1
57
1
61
1
62
1
71
0
64
1
63
0
63
1
59
1
54
1
57
1
55
1
50
1
52
0
54
1
55
1
55
1